A 2000  999  275306378 134554127 140752251 111172235 115093525  16781050  18551306   1203522   1229591   5397320   5877829  16311722  16167128  96298850 100370715  15863245  17627194   1006164   1041596   5074146   5545618
A 2000  0    3788840   1935034   1853806   1528155   1457990    288802    280268     21285     21117     96792     94431    379270    364104   1180893   1124653    267823    260329     17067     16980     89981     87740
A 2000  1    3747495   1913844   1833651   1517815   1448540    281607    273525     20471     19974     93951     91612    367087    352514   1181395   1125357    261468    254354     16491     16143     87403     85283
A 2000  2    3756054   1920093   1835961   1525617   1452803    280690    271512     20327     19951     93459     91695    358890    344462   1196962   1137227    260852    252714     16444     16203     86945     85355
A 2000  3    3762950   1922044   1840906   1529626   1458287    279426    271663     20182     19892     92810     91064    357770    343488   1202153   1143835    259625    252857     16314     16124     86182     84602
A 2000  4    3810102   1947826   1862276   1551820   1477331    282053    274336     20350     19938     93603     90671    347621    333490   1234244   1172489    262473    255796     16609     16336     86879     84165
A 2000  5    3853236   1971541   1881695   1564099   1486706    293978    285918     20498     19756     92966     89315    349698    334070   1245116   1181775    274097    267139     16756     16195     85874     82516
A 2000  6    3891671   1991036   1900635   1573202   1498604    304538    294332     20957     20369     92339     87330    346559    331706   1256965   1195604    284755    275724     17376     16938     85381     80663
A 2000  7    3954919   2024765   1930154   1593773   1514909    317035    307962     21746     20932     92211     86351    343423    328529   1280475   1214948    297434    289413     18139     17501     85294     79763
A 2000  8    3883347   1984297   1899050   1561020   1492082    310177    300006     21392     20948     91708     86014    329973    318169   1259650   1201295    291674    282427     17857     17517     85143     79642
A 2000  9    4198018   2150278   2047740   1687325   1603419    342111    330499     23000     22385     97842     91437    338928    325730   1378453   1305975    322683    312134     19339     18997     90875     84904
A 2000 10    4197080   2152217   2044863   1693374   1604792    341816    330521     26350     25261     90677     84289    319518    307381   1404315   1325934    322651    312571     21834     21142     83899     77835
A 2000 11    3992761   2044152   1948609   1601588   1522468    330527    320856     25821     24839     86216     80446    294773    283188   1335682   1266503    312681    304067     21411     20698     79605     74153
A 2000 12    3908642   1998471   1910171   1563886   1490146    320759    311019     25760     25092     88066     83914    288282    276408   1304402   1240848    302885    294473     21379     20842     81523     77600
A 2000 13    3895085   1992706   1902379   1569983   1494874    310460    300534     25480     24686     86783     82285    281785    269360   1315675   1251446    293574    284937     21225     20480     80447     76156
A 2000 14    3914555   2008571   1905984   1585305   1499876    309253    297345     25614     24778     88399     83985    284248    269012   1328348   1256806    292697    281764     21282     20626     81996     77776
A 2000 15    3942008   2024454   1917554   1598235   1508023    312815    299887     25174     24735     88230     84909    282798    266261   1342141   1267086    296548    284648     20946     20685     82021     78874
A 2000 16    3853225   1985462   1867763   1572840   1473390    302593    287951     24380     23742     85649     82680    283972    263157   1314995   1234616    286644    273269     20202     19793     79649     76928
A 2000 17    4024053   2078001   1946052   1649274   1536734    314716    298502     25199     24629     88812     86187    299965    275807   1376338   1286245    298269    283267     20867     20545     82562     80188
A 2000 18    3964704   2034351   1930353   1622490   1527885    309303    301105     22068     22083     80490     79280    295548    271986   1352717   1280293    293078    285964     18177     18310     74831     73800
A 2000 19    4113234   2105055   2008179   1680119   1585783    316061    312976     23007     23436     85868     85984    316916    291941   1390238   1319882    298995    296789     18920     19456     79986     80111
A 2000 20    4095423   2098205   1997218   1675198   1575998    317630    315403     21882     22125     83495     83692    314538    287704   1386930   1313584    300925    299460     17939     18353     77873     78117
A 2000 21    3824686   1958579   1866107   1561218   1469787    294331    293547     21154     21012     81876     81761    299184    272078   1287577   1221875    278257    278448     17306     17336     76255     76370
A 2000 22    3607909   1839891   1768018   1480082   1400355    264021    269925     19724     19662     76064     78076    286866    264732   1216592   1158443    249591    255616     16117     16256     70725     72971
A 2000 23    3534649   1792669   1741980   1440040   1375175    258744    269986     19318     18797     74567     78022    277515    260247   1184976   1137426    244953    255773     15817     15495     69408     73039
A 2000 24    3454898   1743419   1711479   1403590   1350137    243927    259177     19281     19030     76621     83135    276183    262292   1149623   1110389    230433    245039     15771     15699     71409     78060
A 2000 25    3457034   1734611   1722423   1395368   1357280    242105    259409     19218     18711     77920     87023    269168    259345   1147946   1120225    229056    245490     15769     15403     72672     81960
A 2000 26    3368725   1676045   1692680   1342679   1326483    236112    255989     18651     18558     78603     91650    259966    253575   1103913   1094889    223389    242325     15303     15351     73474     86540
A 2000 27    3464742   1721318   1743424   1375005   1359774    243465    265768     19368     18819     83480     99063    267818    257926   1129196   1124407    230160    251801     15878     15556     78266     93734
A 2000 28    3469937   1717752   1752185   1381179   1376480    237516    260130     18494     17768     80563     97807    252166    242187   1150114   1155894    224815    246784     15147     14692     75510     92628
A 2000 29    4100075   2026382   2073693   1625850   1626258    281094    310907     22223     20588     97215    115940    288056    273576   1363850   1378492    265449    294750     18079     17091     90948    109784
A 2000 30    4009490   1979860   2029630   1610153   1612799    256758    288156     20387     19061     92562    109614    278943    265183   1356514   1372248    241412    272804     16488     15723     86503    103672
A 2000 31    3821768   1888848   1932920   1540851   1539694    238925    267906     18895     17727     90177    107593    272028    256754   1293136   1306863    224040    252954     15178     14584     84466    101765
A 2000 32    3787228   1872053   1915175   1521883   1517548    241877    274855     18345     17209     89948    105563    271715    256411   1274664   1285099    226671    259602     14665     14205     84338     99858
A 2000 33    3855830   1900461   1955369   1554697   1558783    241387    276842     17641     17343     86736    102401    272926    259574   1306058   1323365    226043    261287     14131     14315     81303     96828
A 2000 34    4105647   2040597   2065050   1656309   1636195    269597    302823     18863     18080     95828    107952    289309    269529   1393460   1392303    252598    286134     15202     14980     90028    102104
A 2000 35    4305799   2137220   2168579   1748869   1735699    274133    307523     18842     18388     95376    106969    286479    269803   1488424   1491195    257148    291051     15414     15331     89755    101199
A 2000 36    4365760   2166165   2199595   1789010   1776245    266634    303097     18393     17988     92128    102265    276886    263347   1536951   1537197    250466    287209     15133     15052     86729     96790
A 2000 37    4486937   2228668   2258269   1839203   1824915    274696    309697     18987     18518     95782    105139    277683    263836   1586891   1585911    258085    293386     15710     15543     90299     99593
A 2000 38    4309442   2140014   2169428   1780756   1768127    256561    290095     17413     17409     85284     93797    248606    237660   1554800   1552416    241844    275911     14417     14743     80347     88698
A 2000 39    4808315   2399298   2409017   1988857   1956915    291702    325568     19498     19578     99241    106956    279942    263807   1734870   1717583    274698    309599     16145     16588     93643    101440
A 2000 40    4694045   2334435   2359610   1940037   1920290    281336    316297     18953     19021     94109    104002    256412    246477   1707474   1697100    265834    301263     15804     16184     88911     98586
A 2000 41    4521559   2239913   2281646   1868544   1862622    263100    300682     17971     18207     90298    100135    234712    229336   1655817   1654835    248818    286808     15016     15549     85550     95118
A 2000 42    4515166   2239242   2275924   1874535   1868736    259924    293384     17316     17639     87467     96165    228703    223463   1667171   1666074    245937    280013     14573     15058     82858     91316
A 2000 43    4452079   2199558   2252521   1834761   1839852    258754    294416     17475     18367     88568     99886    213461    211523   1641841   1648827    245512    281498     14792     15758     83952     94915
A 2000 44    4434665   2204612   2230053   1848926   1832763    258873    288842     15455     16433     81358     92015    217105    212948   1652177   1639269    245112    276007     13006     14175     77212     87654
A 2000 45    4292349   2123208   2169141   1784861   1784041    242181    277324     15457     16368     80709     91408    200521    200078   1603304   1602706    229685    265196     13120     14124     76578     87037
A 2000 46    4053903   1993744   2060159   1688444   1705960    216487    253642     14411     15541     74402     85016    179234    182703   1525804   1540113    205785    242822     12243     13501     70678     81020
A 2000 47    3977724   1948138   2029586   1641669   1670787    213130    254119     14878     15810     78461     88870    173086    178192   1485234   1509572    202421    243160     12717     13782     74680     84880
A 2000 48    3696908   1807089   1889819   1544791   1577619    184146    223054     12817     13672     65335     75474    152949    159197   1405603   1432765    175347    213886     11019     11942     62171     72029
A 2000 49    3880307   1903759   1976548   1601818   1625198    211666    250302     14135     14857     76140     86191    164675    169258   1452940   1472053    201329    239871     12190     12985     72625     82381
A 2000 50    3734275   1824969   1909306   1548420   1581730    193392    232764     13031     13619     70126     81193    149367    157535   1412939   1438784    184336    223296     11300     11979     67027     77712
A 2000 51    3515542   1711575   1803967   1464206   1507864    172765    209491     11581     12631     63023     73981    134135    143302   1342129   1377487    164909    201172     10099     11187     60303     70819
A 2000 52    3482862   1693163   1789699   1462475   1510769    160944    197435     11267     12338     58477     69157    127198    137218   1346538   1385727    153590    189646      9870     10926     55967     66182
A 2000 53    3756290   1827253   1929037   1603548   1658081    157325    194932     11102     11777     55278     64247    125720    137252   1488656   1532874    150247    187005      9717     10452     52913     61454
A 2000 54    2776042   1341199   1434843   1149832   1201754    128850    161952     10006     10901     52511     60236    110799    121471   1049021   1091542    122457    154669      8744      9655     50178     57506
A 2000 55    2755582   1326211   1429371   1135370   1197964    132508    165331      9088     10102     49245     55974    101852    113765   1042758   1094679    126430    158523      8034      8936     47137     53468
A 2000 56    2790727   1340104   1450623   1168122   1233867    119784    157649      8520      9419     43678     49688     96866    110273   1079352   1133209    114515    151293      7573      8371     41798     47477
A 2000 57    2948712   1417901   1530811   1243323   1314724    122871    157135      8563      9503     43144     49449     96292    110421   1155336   1213951    117333    150664      7633      8496     41307     47279
A 2000 58    2407077   1152413   1254664   1006969   1072065    101959    132431      7035      8005     36450     42163     81046     93455    932709    986610     97460    127102      6299      7165     34899     40332
A 2000 59    2421937   1160807   1261130   1007520   1069833    104730    136556      7675      8501     40882     46240     84536     96314    930136    982054     99999    130960      6897      7552     39239     44250
A 2000 60    2262965   1068865   1194100    924259   1010397    100492    133421      6803      7922     37311     42360     77229     91418    853761    927022     95988    128052      6053      7056     35834     40552
A 2000 61    2183849   1037445   1146404    903738    975412     93052    124876      6337      7307     34318     38809     73115     86597    836825    896355     88950    119784      5636      6538     32919     37130
A 2000 62    2137220   1010504   1126716    875769    953543     94595    126794      6283      7237     33857     39142     69615     83299    812119    877657     90643    121760      5593      6526     32534     37474
A 2000 63    2036425    965330   1071095    843511    913628     84951    114793      5645      6486     31223     36188     66759     79499    782085    840789     81410    110223      5047      5843     30029     34741
A 2000 64    2056602    963572   1093030    836649    926388     90246    122319      5671      6667     31006     37656     66687     80862    775457    852635     86504    117432      5086      5979     29838     36122
A 2000 65    2037198    948194   1089004    825488    924828     88424    122180      5458      6432     28824     35564     64614     78782    766252    852986     84712    117362      4872      5798     27744     34076
A 2000 66    1866476    865797   1000679    751744    854951     83760    106690      4663      5739     25630     33299     57490     71063    699083    789912     80391    102548      4186      5167     24647     31989
A 2000 67    1853867    853511   1000356    744357    851562     80177    110098      4448      5636     24529     33060     55303     69445    693611    788184     77051    105879      3996      5075     23550     31773
A 2000 68    1795097    817081    978016    716161    842913     73840     99376      4240      5201     22840     30526     51373     64899    669078    783519     70927     95611      3802      4686     21901     29301
A 2000 69    1883113    849211   1033902    747428    896277     74649    100572      4254      5256     22880     31797     53484     68270    698183    833628     71719     96734      3841      4697     21984     30573
A 2000 70    1851504    838702   1012802    740923    877234     71257    100543      4184      4942     22338     30083     51302     64556    693651    818028     68473     96868      3765      4421     21511     28929
A 2000 71    1793927    802996    990931    712930    866019     66215     92630      3846      4542     20005     27740     47914     61022    668562    809846     63749     89277      3449      4078     19322     26708
A 2000 72    1807249    806755   1000494    719736    879477     63410     88083      3830      4727     19779     28207     46068     58785    677022    825240     61126     85047      3455      4256     19084     27166
A 2000 73    1677349    730044    947305    652232    835821     57567     82072      3373      4309     16872     25103     40123     53383    615137    786532     55465     79317      3052      3907     16267     24166
A 2000 74    1623077    697771    925306    622358    816436     55917     80583      3209      4159     16287     24128     38103     51422    587061    769006     53977     77848      2913      3796     15717     23234
A 2000 75    1610917    686663    924254    616575    822564     51930     75093      3101      4053     15057     22544     36407     48935    582729    777364     50134     72557      2816      3700     14577     21698
A 2000 76    1530734    649658    881076    588521    789813     44023     67292      2806      3830     14308     20141     34767     44523    556067    748584     42473     65074      2538      3513     13813     19382
A 2000 77    1451818    606755    845063    546135    754832     43057     67016      2892      3691     14671     19524     31620     41948    516596    716017     41702     64936      2637      3387     14200     18775
A 2000 78    1458119    600548    857571    544023    769078     40667     67516      2713      3530     13145     17447     29482     40035    516468    731939     39384     65549      2479      3246     12735     16802
A 2000 79    1370181    559327    810854    502137    724721     41570     66162      2619      3441     13001     16530     26673     38049    477413    689542     40248     64188      2409      3187     12584     15888
A 2000 80    1175475    466030    709445    422001    638680     31774     54512      1963      2748     10292     13505     22118     32330    401393    608677     30764     52908      1801      2530      9954     13000
A 2000 81    1068035    414084    653951    376583    592518     27498     47479      1743      2529      8260     11425     18601     28460    359215    566049     26658     46101      1608      2345      8002     10996
A 2000 82     966129    365106    601023    333516    546715     23057     42008      1496      2245      7037     10055     16061     25548    318523    522939     22342     40786      1377      2078      6803      9672
A 2000 83     893362    329985    563377    301558    512635     20168     39138      1407      2127      6852      9477     14379     23550    288153    490676     19521     38070      1298      1966      6634      9115
A 2000 84     809782    290556    519226    263335    470138     19068     37725      1419      2197      6734      9166     13003     21894    251234    449816     18490     36639      1319      2051      6510      8826
A 2000 85     696320    242379    453941    221340    414258     14951     30602      1032      1819      5056      7262     11369     19479    210642    395955     14512     29778       961      1715      4895      7014
A 2000 86     612230    205292    406938    186806    370804     13231     28178       933      1736      4322      6220      9716     17770    177703    354089     12825     27469       868      1636      4180      5974
A 2000 87     542000    174674    367326    158082    333881     11941     26349       887      1625      3764      5471      8645     16494    149998    318387     11587     25650       828      1526      3616      5269
A 2000 88     459396    143708    315688    130005    288434      9788     21202       708      1423      3207      4629      7254     13983    123198    275287      9510     20621       659      1333      3087      4464
A 2000 89     394570    117314    277256    105564    251933      8410     20008       564      1302      2776      4013      6297     12732     99650    239915      8185     19526       521      1224      2661      3859
A 2000 90     334230     96117    238113     85781    215738      7531     17861       485      1158      2320      3356      5200     10524     80931    205802      7326     17461       442      1099      2218      3227
A 2000 91     279572     77537    202035     69232    183625      5948     14646       400      1017      1957      2747      4217      8764     65292    175382      5796     14292       372       966      1860      2631
A 2000 92     232301     61679    170622     54766    154486      4953     12974       353       897      1607      2265      3523      7550     51466    147352      4833     12677       325       859      1532      2184
A 2000 93     185308     47275    138033     41633    124360      4085     11103       272       744      1285      1826      2846      6112     38955    118575      3987     10874       256       710      1231      1762
A 2000 94     147797     36005    111792     31468    100206      3298      9410       241       672       998      1504      2263      5125     29334     95357      3232      9222       218       640       958      1448
A 2000 95     121210     28346     92864     24292     82381      2966      8592       225       596       863      1295      1849      4339     22561     78268      2900      8436       212       568       824      1253
A 2000 96      91001     20468     70533     17497     62447      2162      6588       172       482       637      1016      1402      3257     16178     59365      2123      6474       161       455       604       982
A 2000 97      67122     14445     52677     12203     46285      1664      5228       121       387       457       777       967      2381     11293     44042      1634      5136       114       368       437       750
A 2000 98      47045      9851     37194      8272     32561      1157      3730        94       304       328       599       732      1712      7588     30955      1134      3660        86       290       311       577
A 2000 99      37138      7417     29721      5923     25088      1147      3836        81       262       266       535       573      1429      5391     23726      1127      3788        76       256       250       522
A 2000 100      64644     11584     53060      9190     44650      1794      6770       177       589       423      1051       909      2393      8411     42464      1738      6667       147       541       379       995
