A 2021  999  327467601 160073070 167394531 127459428 131518134  21556749  23644192   1601808   1643685   9455085  10588520  28077697  28298750 101859617 105757058  19949874  21991606   1262392   1310973   8923490  10036144
A 2021  0    4473879   2287572   2186307   1773065   1689610    341569    325712     25375     25343    147563    145642    579671    554745   1242850   1182002    308523    294820     19112     19164    137416    135576
A 2021  1    4411313   2255567   2155746   1752798   1670606    334630    319349     24766     24350    143373    141441    566845    542490   1233907   1173635    302577    289328     18713     18471    133525    131822
A 2021  2    4399147   2250685   2148462   1747271   1663061    334934    318098     24993     24662    143487    142641    559557    535048   1235341   1173159    303219    288536     18936     18755    133632    132964
A 2021  3    4378668   2238791   2139877   1737657   1654830    332605    317585     25176     24955    143353    142507    551253    527674   1233437   1171933    301465    288437     19129     19035    133507    132798
A 2021  4    4413678   2256856   2156822   1746707   1664545    341334    325748     25489     25146    143326    141383    549773    526614   1244439   1183038    309777    296222     19419     19237    133448    131711
A 2021  5    4384105   2243106   2140999   1733874   1651624    339552    323603     25921     25375    143759    140397    541270    518196   1239631   1177915    308573    294679     19796     19452    133836    130757
A 2021  6    4346856   2222678   2124178   1720072   1642083    336083    319346     25669     25204    140854    137545    532301    510735   1233704   1174829    305860    291162     19664     19377    131149    128075
A 2021  7    4324090   2210348   2113742   1705879   1628074    337568    323355     26019     25482    140882    136831    524300    503272   1227263   1168211    307614    295234     19975     19633    131196    127392
A 2021  8    4131328   2112398   2018930   1625604   1551786    324933    309277     25484     25068    136377    132799    496409    476631   1172816   1116505    296545    282753     19603     19361    127025    123680
A 2021  9    4394873   2250622   2144251   1722499   1639686    354238    336380     27620     26969    146265    141216    523449    501297   1245907   1182657    323672    307888     21288     20869    136306    131540
A 2021 10    4378954   2243711   2135243   1715383   1630882    351187    333812     28289     27524    148852    143025    518319    495801   1243544   1178996    321211    305854     21818     21322    138819    133270
A 2021 11    4282605   2190811   2091794   1674729   1596788    341490    326489     27956     27270    146636    141247    503511    482903   1216298   1156641    312593    299424     21570     21135    136839    131691
A 2021 12    4245455   2169407   2076048   1647204   1573312    343497    327532     28566     28340    150140    146864    494463    474965   1198071   1141535    314626    300557     22034     21950    140213    137041
A 2021 13    4245300   2169963   2075337   1649289   1574782    338373    322771     29021     28687    153280    149097    493542    473247   1200767   1144335    310029    296331     22370     22217    143255    139207
A 2021 14    4231297   2167929   2063368   1644190   1563115    341089    323358     28885     28400    153765    148495    491563    468184   1197759   1137479    312577    296978     22247     21982    143783    138745
A 2021 15    4235449   2172732   2062717   1645822   1559863    344457    325849     28634     28231    153819    148774    491745    465855   1199330   1136609    315702    299320     22031     21842    143924    139091
A 2021 16    4223049   2173029   2050020   1655477   1559954    340403    318666     27629     27066    149520    144334    493385    463125   1206436   1138130    312013    292820     21242     20940    139953    135005
A 2021 17    4291175   2212834   2078341   1689054   1582883    344386    322059     27698     27143    151696    146256    502468    467859   1231349   1156650    315677    295938     21281     21024    142059    136870
A 2021 18    4193816   2148696   2045120   1651621   1564604    333128    318852     24935     24947    139012    136717    488741    459135   1205181   1145535    305408    293099     19145     19303    130221    128048
A 2021 19    4419440   2257603   2161837   1737717   1651079    346848    337294     25751     26235    147287    147229    511978    481755   1269776   1211654    317972    310078     19756     20319    138121    138031
A 2021 20    4371654   2235720   2135934   1727226   1636457    337587    329145     24827     25123    146080    145209    505837    473401   1264245   1204198    309441    302597     19044     19451    137153    136287
A 2021 21    4270111   2183047   2087064   1683935   1597354    326469    318889     24876     24837    147767    145984    489725    458038   1236220   1179395    299284    293263     19078     19253    138740    137115
A 2021 22    4139561   2109138   2030423   1638524   1559384    304927    304322     23914     24000    141773    142717    468489    440132   1209407   1157514    279792    280053     18383     18643    133067    134081
A 2021 23    4093728   2076256   2017472   1615576   1548785    297900    303518     23581     23628    139199    141541    454113    430357   1199997   1156382    273478    279349     18139     18388    130529    132996
A 2021 24    4176885   2107513   2069372   1644810   1588816    298030    308938     23955     24097    140718    147521    461908    440904   1222140   1187043    273394    284195     18378     18679    131693    138551
A 2021 25    4127836   2074847   2052989   1621190   1576293    289020    302871     23863     23894    140774    149931    441979    424722   1217392   1189735    265343    278919     18451     18650    131682    140963
A 2021 26    4152909   2073105   2079804   1614058   1588208    298378    316079     23235     23340    137434    152177    440101    427497   1212377   1199533    274448    291641     17962     18192    128217    142941
A 2021 27    4228864   2110522   2118342   1634682   1607326    310959    330204     24153     24386    140728    156426    441543    429240   1231720   1217196    286825    305444     18943     19285    131491    147177
A 2021 28    4060991   2020758   2040233   1568024   1549420    300606    320187     22716     23009    129412    147617    415539    406992   1188068   1178857    278213    297020     17910     18263    121028    139101
A 2021 29    4575532   2273263   2302269   1748760   1732277    347158    372163     26120     26448    151225    171381    457169    450217   1331741   1323513    321955    345737     20588     20985    141810    161817
A 2021 30    4513653   2236179   2277474   1736523   1725969    331074    361298     24536     25046    144046    165161    434286    430761   1339398   1333712    307824    336530     19442     20137    135229    156334
A 2021 31    4407449   2182264   2225185   1698111   1687813    322684    352767     26700     27241    134769    157364    405034    403556   1329627   1322166    300225    328919     21014     21719    126364    148825
A 2021 32    4291413   2122567   2168846   1643545   1635436    318517    350434     26601     26871    133904    156105    387569    385938   1291640   1286687    296878    327225     20900     21311    125580    147685
A 2021 33    4205171   2072983   2132188   1614240   1615278    302580    336353     25124     25508    131039    155049    379755    379990   1268925   1271608    281373    313506     19764     20117    123166    146967
A 2021 34    4325394   2149023   2176371   1669898   1646659    315081    344414     26035     25577    138009    159721    384814    380169   1320494   1303356    293261    321099     20493     20130    129961    151617
A 2021 35    4292519   2129264   2163255   1661592   1646236    304677    331616     25525     25222    137470    160181    378834    376864   1316990   1305420    283759    308911     20098     19953    129583    152107
A 2021 36    4195670   2076653   2119017   1631449   1620672    290612    320080     23899     23915    130693    154350    363999    364584   1299464   1290116    271030    298491     18820     18996    123340    146830
A 2021 37    4147909   2053453   2094456   1604482   1592287    290689    319491     24294     24132    133988    158546    361790    361946   1275112   1264612    270876    297754     19112     19124    126563    151020
A 2021 38    3987817   1972158   2015659   1549759   1542422    274284    300800     22751     22873    125364    149564    344211    347007   1235574   1227514    255918    280530     17948     18166    118507    142442
A 2021 39    4455304   2217160   2238144   1730040   1702892    320668    345441     25006     24512    141446    165299    380435    378351   1383958   1360360    299395    322551     19623     19362    133749    157520
A 2021 40    4250600   2105278   2145322   1649631   1637041    295974    323663     23950     23667    135723    160951    366981    369203   1314845   1301937    276137    301947     18835     18759    128480    153476
A 2021 41    4168387   2059242   2109145   1615083   1608815    291204    321645     22861     22572    130094    156113    351712    355938   1293952   1285534    272432    300770     17985     17905    123161    148998
A 2021 42    3988564   1971731   2016833   1547638   1540840    279040    306417     21198     20751    123855    148825    339378    343149   1237833   1228982    260543    286186     16682     16375    117295    142141
A 2021 43    3863068   1899733   1963335   1486541   1491505    267062    295948     20883     20837    125247    155045    327722    337132   1187683   1185658    249223    275904     16411     16442    118694    148199
A 2021 44    3961620   1966113   1995507   1550086   1532609    281066    302527     18978     18326    115983    142045    335700    342508   1242671   1220360    262672    282292     14966     14427    110104    135920
A 2021 45    3735138   1841715   1893423   1449735   1449598    254897    280748     18654     18238    118429    144839    317560    329797   1159177   1149082    237670    261433     14708     14380    112600    138731
A 2021 46    3663047   1799481   1863566   1424239   1434520    241844    271264     17917     17377    115481    140405    301975    317782   1147424   1144590    225984    252907     14173     13710    109925    134577
A 2021 47    3639139   1780171   1858968   1387505   1409602    250089    282700     18791     18195    123786    148471    293608    311289   1119992   1127086    233745    263781     14893     14460    117933    142352
A 2021 48    3501622   1708607   1793015   1350605   1379964    228544    260546     17105     16442    112353    136063    281844    296694   1092288   1109101    213725    243619     13603     13095    107147    130506
A 2021 49    4053059   1989765   2063294   1555179   1575874    281909    312513     20451     18776    132226    156131    304658    314881   1278635   1290790    264135    292893     16311     15039    126026    149691
A 2021 50    4179786   2038677   2141109   1620853   1664326    269919    307921     20015     18230    127890    150632    302774    312235   1345715   1381088    252527    288762     15964     14687    121697    144337
A 2021 51    4008950   1956317   2052633   1571117   1610533    248585    284230     18170     16922    118445    140948    285909    293700   1311824   1344187    231608    266251     14391     13578    112585    134917
A 2021 52    3869898   1887375   1982523   1524395   1563350    233692    269166     16725     15539    112563    134468    280277    286396   1269549   1303432    217272    251549     13171     12436    107106    128710
A 2021 53    3834974   1867978   1966996   1504335   1543734    239003    279452     15886     14892    108754    128918    278055    284176   1251717   1285985    222197    261458     12464     11985    103545    123392
A 2021 54    3963682   1928249   2035433   1553430   1596545    248118    290250     16244     15945    110457    132693    281896    288470   1297890   1335553    230570    271582     12779     12834    105114    126994
A 2021 55    3937004   1909450   2027554   1528105   1585149    256807    298956     15822     15499    108716    127950    275033    281388   1279531   1330958    238827    280216     12536     12577    103523    122415
A 2021 56    4182642   2026196   2156446   1663552   1719222    245391    302227     15089     15069    102164    119928    278034    285743   1410053   1459802    228577    283869     12148     12311     97384    114721
A 2021 57    4341267   2105645   2235622   1730154   1791142    255568    307465     15717     15697    104206    121318    273943    283659   1481173   1533699    238445    289289     12749     12900     99335    116075
A 2021 58    4089944   1982397   2107547   1654273   1716485    221350    268133     13982     14226     92792    108703    253130    262699   1422771   1476807    206536    252282     11414     11730     88546    104029
A 2021 59    4412304   2144747   2267557   1782406   1836848    245356    297613     15642     16078    101343    117018    254142    263397   1551395   1597691    229726    281187     12794     13399     96690    111883
A 2021 60    4291173   2055322   2235851   1713043   1818565    231606    290176     14404     15320     96269    111790    245233    259922   1489833   1581942    216525    274103     11793     12799     91938    107085
A 2021 61    4210046   2030477   2179569   1701583   1775219    225316    283863     13732     14620     89846    105867    228672    241934   1493215   1555361    211368    268635     11333     12264     85889    101375
A 2021 62    4128615   1979770   2148845   1652368   1743393    225088    286019     13432     14439     88882    104994    212751    229454   1459487   1535539    211299    271031     11077     12146     85156    100675
A 2021 63    4134593   1991395   2143198   1680528   1759399    214059    270634     12626     13806     84182     99359    209657    224414   1489642   1555375    200967    256539     10479     11637     80650     95233
A 2021 64    4187886   1997315   2190571   1671252   1783371    228487    289990     12674     14395     84902    102815    199997    219549   1490288   1584872    215067    275367     10584     12184     81379     98599
A 2021 65    3936017   1858811   2077206   1549061   1682195    216621    282397     11684     13564     81445     99050    188778    210967   1378823   1491637    203363    267913      9697     11545     78150     95144
A 2021 66    3801582   1793774   2007808   1502274   1646631    207442    256657     10626     12647     73432     91873    175623    198855   1343793   1466407    194987    243581      8904     10740     70467     88225
A 2021 67    3646327   1708788   1937539   1444420   1590481    185561    247407     10042     12253     68765     87398    160162    185085   1299427   1423045    174755    234991      8398     10451     66046     83967
A 2021 68    3386274   1574661   1811613   1334926   1502628    163835    214184      9520     11425     66380     83376    146801    173227   1201917   1345151    154064    203239      8025      9780     63854     80216
A 2021 69    3324701   1532905   1791796   1304419   1490338    157260    209045      9164     11258     62062     81155    136211    164441   1180961   1340895    148258    198769      7751      9638     59724     78053
A 2021 70    3103045   1427787   1675258   1210629   1381381    146606    205341      8712     10388     61840     78148    130998    157179   1091858   1238873    137940    195040      7396      8910     59595     75256
A 2021 71    2994861   1374905   1619956   1173279   1348600    136645    188868      8074      9508     56907     72980    120251    147447   1064034   1214484    128822    179486      6878      8202     54920     70337
A 2021 72    2883273   1323245   1560028   1137012   1308824    123272    169110      7714      9605     55247     72489    111732    137709   1035212   1183288    116343    160812      6617      8331     53341     69888
A 2021 73    2727306   1234446   1492860   1070848   1265334    110060    153962      6812      8923     46726     64641    100883    127940    978860   1148474    103709    146402      5873      7745     45121     62299
A 2021 74    2863669   1292271   1571398   1135543   1354001    106341    148270      6642      8543     43745     60584     97453    125339   1046600   1239583    100219    140698      5729      7430     42270     58348
A 2021 75    2049274    913549   1135725    786465    957333     82678    117013      5526      7421     38880     53958     83677    108973    710275    858128     77326    110278      4742      6430     37529     51916
A 2021 76    2008349    894505   1113844    776883    948945     77079    109070      4841      6704     35702     49125     77392    101656    706011    855791     72383    103267      4218      5820     34501     47310
A 2021 77    1941512    855202   1086310    744321    927797     71121    105832      4972      6602     34788     46079     70400     95151    679966    840801     66874    100255      4356      5753     33606     44350
A 2021 78    2011014    876973   1134041    771918    979247     68082    105157      4690      6338     32283     43299     68961     94955    708822    892418     63865     99440      4121      5557     31204     41671
A 2021 79    1694615    733054    961561    628671    815379     68146     99833      4537      5895     31700     40454     60385     83792    574114    739200     63926     94442      3998      5180     30631     38947
A 2021 80    1472736    625672    847064    545688    728064     49595     79583      3726      4938     26663     34479     54591     76749    495578    657657     46390     75145      3301      4311     25812     33202
A 2021 81    1332334    559628    772706    487326    665100     45683     72128      3212      4565     23407     30913     49559     70897    441905    599915     42690     68130      2816      4002     22658     29762
A 2021 82    1234317    511855    722462    447558    625204     40371     64418      2949      4277     20977     28563     45182     65932    406075    564476     37721     60784      2589      3773     20288     27497
A 2021 83    1154277    470130    684147    410965    591828     36290     60373      2861      4181     20014     27765     41550     61827    372698    534829     33988     57045      2518      3722     19376     26724
A 2021 84    1021376    408503    612873    352976    525955     33675     56299      2709      3972     19143     26647     36854     55900    319216    474584     31498     53158      2388      3531     18547     25700
A 2021 85     886146    348186    537960    305422    468017     26390     44701      2063      3322     14311     21920     32463     49820    275348    421903     24675     42176      1834      2948     13866     21113
A 2021 86     825363    317906    507457    279886    443218     23408     40913      1912      3200     12700     20126     29925     46581    252137    400030     21831     38606      1694      2865     12319     19375
A 2021 87     706409    265986    440423    232826    383332     20307     35769      1643      2887     11210     18435     25057     40223    209605    346046     18992     33774      1469      2589     10863     17791
A 2021 88     642373    235287    407086    205465    353596     18363     33539      1481      2750      9978     17201     22259     36938    184845    319394     17197     31685      1328      2473      9658     16596
A 2021 89     582729    207502    375227    181599    327047     15981     30436      1329      2524      8593     15220     19616     33129    163436    296388     14950     28762      1194      2280      8306     14668
A 2021 90     541068    187833    353235    164458    308637     14403     28118      1235      2357      7737     14123     18311     31500    147468    279397     13457     26573      1104      2128      7493     13637
A 2021 91     479081    162961    316120    142667    276213     12484     25067      1080      2181      6730     12659     15910     27911    127855    250279     11681     23736       979      1977      6536     12217
A 2021 92     414070    135871    278199    118602    242994     10669     22096       938      1986      5662     11123     13336     24267    106147    220422     10023     20942       855      1812      5510     10756
A 2021 93     364116    115562    248554    100755    217256      9162     19645       812      1846      4833      9807     11263     21221     90239    197472      8614     18668       747      1704      4699      9489
A 2021 94     302570     92239    210331     79904    183402      7563     16866       741      1694      4031      8369      8967     17716     71580    166907      7114     16050       662      1566      3916      8092
A 2021 95     250013     73513    176500     63295    153254      6196     14532       617      1516      3405      7198      7323     15086     56454    139192      5859     13827       563      1423      3314      6972
A 2021 96     209022     59444    149578     51148    130143      4944     12011       540      1397      2812      6027      6007     12651     45545    118364      4675     11434       487      1307      2730      5822
A 2021 97     167677     46201    121476     39611    105232      3840     10079       426      1259      2324      4906      4818     10108     35090     95810      3627      9608       392      1198      2274      4752
A 2021 98     131446     35005     96441     29505     82831      3218      8438       362      1089      1920      4083      3695      8159     26039     75218      3059      8079       335      1037      1877      3948
A 2021 99     104274     26815     77459     22534     66347      2537      7031       289       943      1455      3138      2769      6413     19940     60342      2415      6752       270       905      1421      3047
A 2021 100     252530     57738    194792     46597    160550      6743     21793       792      3813      3606      8636      6221     17300     40866    144482      6462     21015       702      3659      3487      8336
A 2022 999  330028280 161297528 168730752 128219563 132342659  21781328  23887234   1620599   1663045   9676038  10837814  28691080  28923246 102060315 106013401  20138535  22196778   1274051   1323063   9133547  10274264
A 2022  0    4495968   2298814   2197154   1779654   1695930    343003    326974     25502     25476    150655    148774    589125    563731   1240758   1180057    309424    295593     19134     19195    140373    138578
A 2022  1    4433996   2267093   2166903   1760050   1677573    335837    320397     24885     24477    146321    144456    576139    551335   1232599   1172447    303270    289910     18734     18502    136351    134709
A 2022  2    4423198   2262931   2160267   1755433   1670884    336000    318999     25074     24751    146424    145633    568879    543901   1234922   1172810    303757    288960     18933     18760    136440    135836
A 2022  3    4404269   2251871   2152398   1746793   1663521    333472    318323     25259     25031    146347    145523    560572    536521   1234002   1172469    301819    288702     19122     19022    136356    135684
A 2022  4    4441298   2270952   2170346   1757021   1674428    342111    326356     25548     25207    146272    144355    559193    535590   1246079   1184659    310014    296341     19397     19221    136269    134535
A 2022  5    4413117   2257891   2155226   1745133   1662460    340095    324040     25942     25405    146721    143321    550725    527175   1242199   1180488    308579    294618     19743     19408    136645    133537
A 2022  6    4377775   2238499   2139276   1732444   1653880    336616    319739     25704     25246    143735    140411    541725    519704   1237440   1178389    305843    291049     19620     19346    133871    130788
A 2022  7    4357130   2227296   2129834   1719350   1640857    338171    323821     26008     25478    143767    139678    533764    512243   1232049   1172747    307664    295191     19905     19567    133914    130086
A 2022  8    4165912   2130054   2035858   1639527   1565111    325846    310063     25491     25091    139190    135593    505573    485419   1178364   1121817    296883    283014     19556     19320    129678    126288
A 2022  9    4434970   2271106   2163864   1738382   1654921    355835    337789     27661     27006    149228    144148    533394    510678   1252755   1189321    324647    308733     21250     20845    139060    134287
A 2022 10    4423104   2266369   2156735   1732447   1647089    353629    336012     28387     27640    151906    145994    528335    505297   1251509   1186568    323019    307469     21849     21362    141657    136039
A 2022 11    4329339   2214713   2114626   1692358   1613619    344591    329362     28113     27425    149651    144220    513342    492277   1224996   1164950    315073    301710     21658     21231    139644    134458
A 2022 12    4295594   2195076   2100518   1665511   1590675    347543    331271     28833     28631    153189    149941    504475    484469   1207344   1150304    318004    303703     22216     22160    143037    139882
A 2022 13    4295952   2195796   2100156   1667146   1591912    343045    327154     29363     29036    156242    152054    503526    482799   1209588   1152843    314071    300127     22607     22443    146004    141944
A 2022 14    4280316   2193054   2087262   1660932   1579068    346177    328030     29284     28788    156661    151376    501438    477536   1205616   1144989    317017    301059     22519     22255    146464    141423
A 2022 15    4280109   2195608   2084501   1660313   1573739    349546    330516     29054     28670    156695    151576    501278    474915   1205278   1142339    320154    303424     22312     22141    146586    141682
A 2022 16    4262150   2193183   2068967   1667791   1571372    345115    323011     28042     27542    152235    147042    502632    471862   1210475   1141738    316099    296597     21507     21256    142470    137514
A 2022 17    4324906   2230120   2094786   1698896   1592247    348623    325991     28184     27568    154417    148980    511768    476561   1232870   1158229    319318    299313     21584     21275    144580    139408
A 2022 18    4221434   2162881   2058553   1658908   1571574    336928    322232     25399     25414    141646    139333    497893    467796   1204258   1144693    308606    295947     19442     19624    132682    130493
A 2022 19    4443902   2269950   2173952   1743317   1656487    350290    340583     26178     26686    150165    150196    521722    491118   1266553   1208634    320811    312804     20021     20587    140843    140809
A 2022 20    4391560   2245956   2145604   1730901   1639769    340703    332033     25282     25604    149070    148198    515567    482610   1259132   1199156    311979    304952     19314     19770    139964    139116
A 2022 21    4285862   2190972   2094890   1685481   1598903    329329    321597     25335     25274    150827    149116    499101    466921   1229256   1172927    301617    295457     19366     19506    141632    140079
A 2022 22    4149684   2114171   2035513   1637721   1558721    307325    306524     24354     24492    144771    145776    479095    450272   1198942   1147617    281617    281696     18641     18948    135876    136980
A 2022 23    4096087   2076712   2019375   1610173   1544911    300089    305445     24031     24012    142419    145007    463876    439703   1185553   1143892    275220    280871     18428     18591    133635    136318
A 2022 24    4175930   2107397   2068533   1640714   1583787    298233    309183     24326     24521    144124    151042    464107    443247   1215947   1179785    273578    284354     18665     19042    135100    142105
A 2022 25    4136842   2077349   2059493   1616338   1574692    294357    307989     24040     24039    142614    152773    457184    440057   1198439   1173926    269839    283180     18402     18577    133485    143753
A 2022 26    4112450   2052430   2060020   1601196   1577405    286628    303280     23499     23805    141107    155530    439113    427701   1200093   1188152    262984    279104     18120     18536    132120    146527
A 2022 27    4188144   2089412   2098732   1624777   1597623    298963    318470     23474     23533    142198    159106    445152    432835   1218486   1204258    274802    293624     18121     18293    132851    149722
A 2022 28    4012420   1994797   2017623   1548764   1532861    291664    311381     22211     22707    132158    150674    419487    411136   1165421   1158767    268887    287825     17383     17911    123619    141984
A 2022 29    4497888   2238903   2258985   1718379   1693918    343175    367125     26021     26016    151328    171926    458612    449189   1300697   1286626    317448    340348     20478     20603    141668    162219
A 2022 30    4486738   2220808   2265930   1719381   1713868    329255    358661     24795     25288    147377    168113    449280    446250   1308423   1307758    305195    332980     19510     20035    138400    158907
A 2022 31    4436229   2195671   2240558   1702053   1694055    322949    352737     24201     24895    146468    168871    426846    424831   1311837   1307368    300110    328371     19145     19980    137733    160008
A 2022 32    4442659   2198317   2244342   1708695   1699628    323013    355793     26957     27241    139652    161680    408763    408328   1336852   1329666    300390    331571     21190     21696    131122    153081
A 2022 33    4293783   2117596   2176187   1641778   1641562    316144    350606     25905     26455    133769    157564    387773    388693   1289280   1290161    294578    327186     20343     20956    125622    149191
A 2022 34    4383798   2177538   2206260   1682263   1659518    324520    355000     26915     26545    143840    165197    397744    392795   1321606   1305130    301670    330699     21148     20901    135370    156735
A 2022 35    4305837   2134706   2171131   1657426   1644913    312424    339893     25695     25250    139161    161075    382680    380821   1309943   1300672    290682    316750     20220     19857    131181    153031
A 2022 36    4213081   2086102   2126979   1633621   1622258    294412    324107     24391     24169    133678    156445    372562    372202   1294175   1285253    274080    301763     19179     19100    126106    148661
A 2022 37    4260810   2109711   2151099   1648093   1636633    300299    328956     24591     24498    136728    161012    369029    369810   1312221   1301929    279980    306626     19349     19442    129132    153292
A 2022 38    3920640   1938764   1981876   1519169   1511783    270880    297570     22539     22477    126176    150046    342459    344099   1206975   1199770    252341    277220     17708     17792    119281    142995
A 2022 39    4456861   2218292   2238569   1727336   1700233    319531    343104     25989     25548    145436    169684    385362    384462   1376778   1352272    298094    319869     20486     20273    137572    161693
A 2022 40    4333362   2146632   2186730   1679710   1667037    303816    331817     24196     23876    138910    164000    369166    370843   1343450   1330934    283608    309730     18967     18848    131441    156375
A 2022 41    4165838   2058692   2107146   1614188   1607963    285455    314972     23546     23289    135503    160922    359168    363162   1286385   1278242    266280    293750     18511     18446    128348    153546
A 2022 42    4163201   2058868   2104333   1615444   1608426    292159    320064     22330     21899    128935    153944    351732    356057   1294151   1284651    273267    299245     17566     17362    122152    147018
A 2022 43    3966752   1952714   2014038   1522643   1524796    278809    307991     21864     21886    129398    159365    334779    341195   1217817   1215712    260262    287567     17208     17262    122648    152302
A 2022 44    3996790   1984789   2012001   1565271   1545200    282102    303417     19417     19099    117999    144285    344106    348232   1250345   1227906    263211    282809     15253     15060    111874    137994
A 2022 45    3883448   1915716   1967732   1507904   1506097    269020    296261     19272     18678    119520    146696    326944    337384   1208716   1198858    251341    276364     15189     14698    113526    140428
A 2022 46    3632807   1785996   1846811   1410632   1417093    241010    270320     18043     17637    116311    141761    308781    322515   1127700   1122903    224628    251654     14217     13887    110670    135852
A 2022 47    3719468   1822108   1897360   1424343   1442882    253973    286551     19065     18282    124727    149645    303703    321393   1147297   1150943    237249    267102     15070     14427    118789    143495
A 2022 48    3445617   1682554   1763063   1331129   1357615    222901    253647     16743     16383    111781    135418    280127    298320   1074313   1085240    208302    236604     13256     13011    106556    129888
A 2022 49    3862772   1895810   1966962   1472584   1490868    272183    301985     19748     18581    131295    155528    309588    322674   1190761   1197961    254475    282306     15703     14796    125283    149225
A 2022 50    3932680   1921226   2011454   1514321   1546836    261332    296439     19295     17886    126278    150293    295603    308632   1245051   1266611    244778    277765     15383     14319    120411    144127
A 2022 51    4024698   1958859   2065839   1561235   1608057    257791    295004     18740     17417    121093    145361    291545    301706   1296014   1334172    241077    276603     14942     14033    115281    139325
A 2022 52    3985759   1940977   2044782   1561741   1606746    244680    282263     17775     16570    116781    139203    284125    293143   1303815   1340717    227919    264348     14068     13293    111050    133281
A 2022 53    3901275   1899116   2002159   1533266   1577531    236976    275427     16542     15324    112332    133877    282133    289464   1276774   1314924    220259    257324     13024     12260    106926    128187
A 2022 54    3902920   1898753   2004167   1521116   1562484    247360    288839     16466     15694    113811    137150    281991    288802   1265542   1301252    229902    270180     12915     12616    108403    131317
A 2022 55    3856530   1868651   1987879   1496425   1553358    247438    289267     15872     15459    108916    129795    272603    281521   1250068   1299082    229816    270584     12480     12435    103684    124257
A 2022 56    3978559   1924939   2053620   1566494   1622446    239865    294369     14949     14678    103631    122127    279707    287041   1311637   1361962    223021    275829     11849     11905     98725    116883
A 2022 57    4210438   2039213   2171225   1664336   1726682    254229    305165     15409     15418    105239    123960    279025    287648   1410720   1465789    236713    286564     12403     12600    100352    118624
A 2022 58    4038403   1955970   2082433   1626160   1687935    222197    269794     13974     14184     93639    110520    256026    266278   1392056   1444959    207237    253775     11340     11644     89311    105777
A 2022 59    4346408   2110725   2235683   1743756   1800883    245106    296119     15799     15923    106064    122758    268385    277510   1499554   1549012    228627    278509     12895     13129    101264    117523
A 2022 60    4293762   2059274   2234488   1710523   1812051    237545    295043     14730     15257     96476    112137    244139    260130   1488680   1575698    222317    278697     12044     12708     92094    107255
A 2022 61    4198330   2022692   2175638   1694472   1771677    221934    281139     13698     14690     92588    108132    242063    253588   1473519   1540694    207435    265473     11211     12266     88464    103617
A 2022 62    4198247   2016809   2181438   1678667   1765275    232312    292751     13887     14842     91943    108570    226733    241837   1472854   1546208    217830    276957     11457     12440     87935    103996
A 2022 63    4139567   1993544   2146023   1676819   1754078    217806    276212     12837     13865     86082    101868    215273    230484   1480793   1544511    204381    261648     10588     11666     82509     97714
A 2022 64    4215615   2011279   2204336   1681125   1793228    229889    290789     12927     14555     87338    105764    211365    230361   1489777   1584781    215690    275531     10728     12257     83719    101406
A 2022 65    4103312   1944347   2158965   1619616   1749415    229093    295202     12326     13939     83312    100409    194871    216379   1443750   1554260    215543    280210     10293     11797     79890     96319
A 2022 66    3848166   1814669   2033497   1515232   1663393    212705    262096     10796     12910     75936     95098    185021    208058   1348253   1474531    199541    248547      8964     10986     72890     91375
A 2022 67    3757009   1766159   1990850   1486750   1626555    196526    260589     10406     12455     72477     91251    173814    197372   1329455   1448063    184599    247199      8719     10560     69572     87656
A 2022 68    3493841   1627003   1866838   1374359   1544043    174872    225931      9844     11804     67928     85060    152925    179379   1235987   1381141    164589    214502      8234     10072     65268     81744
A 2022 69    3402781   1569697   1833084   1331242   1521151    162596    213999      9467     11736     66392     86198    146886    175712   1198160   1361413    152780    202968      7980     10035     63891     82956
A 2022 70    3250703   1498675   1752028   1274875   1449867    152260    212519      9160     10844     62380     78798    133756    160851   1153680   1304105    143452    201988      7745      9283     60042     75801
A 2022 71    3029956   1390321   1639635   1184088   1362032    139040    193018      8267      9874     58926     74711    128482    154857   1067312   1221120    130717    183235      7000      8471     56810     71952
A 2022 72    2953393   1358575   1594818   1160456   1328437    132091    180288      8159      9904     57869     76189    119547    145761   1051767   1195823    124439    171246      6963      8536     55859     73452
A 2022 73    2743074   1241095   1501979   1068544   1262664    116461    162495      6868      8977     49222     67843    105643    133308    972220   1141036    109809    154436      5881      7786     47542     65413
A 2022 74    2683072   1207736   1475336   1044426   1248397    110664    153952      6684      8828     45962     64159     99400    126917    954027   1132600    104163    146318      5765      7662     44381     61839
A 2022 75    2806211   1260349   1545862   1107515   1332676    104443    145037      6338      8415     42053     59734     95877    123949   1020037   1219523     98325    137533      5467      7318     40643     57539
A 2022 76    1973148    878514   1094634    760803    929125     75172    107091      5241      7047     37298     51371     81426    106016    686353    832209     70219    100864      4500      6106     36016     49439
A 2022 77    1950633    860390   1090243    744628    924800     73803    109674      4998      6695     36961     49074     75201    100048    675898    833350     69211    103764      4356      5812     35724     47269
A 2022 78    1920526    835905   1084621    728446    926164     69050    106947      4781      6452     33628     45058     69719     95830    664663    838578     64844    101222      4189      5622     32490     43369
A 2022 79    1937091    840715   1096376    730668    942798     71566    104215      4875      6313     33606     43050     66808     92469    670094    858469     67052     98465      4280      5538     32481     41435
A 2022 80    1556376    662203    894173    577225    767705     53711     85563      3890      5213     27377     35692     55619     78952    526382    695392     50312     80880      3427      4581     26463     34368
A 2022 81    1394190    586362    807828    512120    697258     46354     73534      3412      4643     24476     32393     52104     73966    464263    629238     43276     69365      3020      4060     23699     31199
A 2022 82    1257742    522401    735341    455445    633711     42013     67002      2998      4467     21945     30161     47144     68188    412172    570958     39204     63235      2632      3918     21249     29042
A 2022 83    1180461    481466    698995    420681    604496     37012     61664      2916      4290     20857     28545     43317     64499    380883    545085     34532     58149      2561      3782     20173     27480
A 2022 84    1080525    433279    647246    373852    554559     36426     60313      2861      4264     20140     28110     38932     59056    338268    500401     34066     56931      2514      3801     19499     27057
A 2022 85     898637    354183    544454    310201    473081     26847     45344      2113      3407     15022     22622     32847     50635    279826    426194     25083     42776      1865      3032     14562     21817
A 2022 86     821010    316565    504445    277133    438361     24066     41930      1924      3206     13442     20948     30225     47449    249136    394437     22471     39526      1709      2851     13024     20182
A 2022 87     759431    286760    472671    251890    412268     21274     38219      1773      3081     11823     19103     27653     44116    226254    371363     19810     36040      1573      2758     11470     18394
A 2022 88     645351    238012    407339    207753    353884     18354     33250      1519      2767     10386     17438     23020     37874    186418    318779     17146     31374      1357      2486     10071     16826
A 2022 89     582207    208633    373574    181625    323799     16489     31005      1355      2626      9164     16144     20268     34599    162842    291761     15429     29266      1219      2370      8875     15578
A 2022 90     523530    182245    341285    158909    296717     14278     27982      1211      2396      7847     14190     17737     30732    142502    268271     13329     26428      1088      2172      7589     13682
A 2022 91     481602    163283    318319    142394    277319     12761     25666      1120      2241      7008     13093     16386     29024    127173    250378     11930     24248      1003      2026      6791     12643
A 2022 92     422183    140154    282029    122122    245622     11000     22734       970      2048      6062     11625     14109     25505    108995    221927     10286     21517       878      1863      5886     11217
A 2022 93     361012    115500    245512    100314    213624      9334     19899       835      1854      5017     10135     11714     21969     89379    193179      8757     18859       767      1699      4883      9806
A 2022 94     313733     96996    216737     84078    188607      7934     17547       734      1736      4250      8847      9783     19007     74951    170899      7463     16670       663      1594      4136      8567
A 2022 95     257560     76427    181133     65793    157154      6472     14936       650      1556      3512      7487      7677     15704     58657    142527      6096     14212       583      1451      3414      7239
A 2022 96     210085     60097    149988     51350    129469      5271     12738       535      1394      2941      6387      6221     13228     45552    117150      4980     12118       488      1312      2856      6180
A 2022 97     173024     47831    125193     40842    108247      4149     10417       450      1265      2390      5264      4992     10914     36169     98072      3922      9915       414      1194      2334      5098
A 2022 98     136756     36638    100118     31118     86114      3193      8625       370      1133      1957      4246      3979      8615     27393     78080      3014      8233       336      1079      1916      4111
A 2022 99     105429     27263     78166     22760     66589      2631      7150       296       968      1576      3459      2981      6841     19963     60206      2502      6842       276       927      1541      3350
A 2022 100     269532     62313    207219     50341    170926      7163     22901       871      3988      3938      9404      6896     18658     43982    153585      6856     22069       770      3826      3809      9081